0 40115 57 
0 40114 13 
1 16852 49 
1 16857 22 
2 16965 22 
2 16986 40 
3 16986 22 
3 17010 103 
4 14663 153 
4 14772 14 
5 16924 77 
5 6 19 
6 5 19 
6 16923 26 
7 15010 45 
7 15051 63 
8 15051 102 
8 15100 16 
9 10 69 
9 16863 13 
10 23587 54 
10 9 69 
11 16013 13 
11 16030 41 
12 16012 31 
12 16030 23 
13 13536 71 
13 13578 79 
14 16789 43 
14 396 44 
15 14017 50 
15 39544 22 
16 39544 7 
16 26016 102 
17 38722 38 
17 38721 25 
18 16749 82 
18 38722 1 
19 15450 24 
20 17345 24 
20 21 16 
21 20 16 
21 17425 212 
22 32 241 
22 15558 98 
23 201 122 
23 16522 51 
24 394 28 
24 16818 104 
25 16639 26 
25 16657 133 
26 16639 30 
26 16698 55 
27 17428 13 
27 17442 69 
28 17376 307 
28 17428 36 
29 35555 47 
29 23313 39 
30 35554 41 
30 23315 44 
31 395 54 
31 16265 72 
32 15516 20 
33 23370 73 
33 15517 15 
34 398 38 
34 15987 20 
35 36 16 
35 13638 11 
36 22774 125 
36 35 16 
37 15052 31 
37 38 74 
38 37 74 
38 15108 60 
39 14703 7 
39 14737 28 
40 14737 29 
40 217 208 
41 40259 38 
41 41719 23 
42 407 7 
42 16937 188 
43 44 36 
43 13768 155 
44 40972 2 
44 43 36 
45 14762 44 
45 14868 16 
46 16747 2 
46 47 67 
47 46 67 
47 38334 6 
48 13463 45 
48 13483 8 
49 13496 7 
49 40968 24 
50 408 3 
50 16140 37 
51 37160 144 
51 39308 11 
52 38578 7 
52 15546 159 
53 17010 146 
53 17017 14 
54 17017 2 
54 27456 3 
55 39533 48 
55 14106 49 
56 33248 411 
56 14107 7 
57 14498 62 
57 14549 61 
58 16248 19 
58 16307 52 
59 37155 58 
59 399 38 
60 15109 22 
60 37155 147 
61 37159 32 
61 15109 21 
62 14697 108 
62 14845 96 
63 14140 15 
63 64 93 
64 63 93 
64 14139 14 
65 14439 4 
65 69 52 
66 15707 57 
67 36074 47 
67 14439 26 
68 23484 119 
68 424 13 
69 65 52 
69 14438 30 
70 14660 18 
70 14762 202 
71 38704 29 
71 14397 12 
72 27575 23 
72 409 8 
73 14401 48 
74 16524 171 
75 16575 264 
75 16661 64 
76 77 3 
76 40970 104 
77 40969 71 
77 76 3 
78 410 34 
78 39196 39 
79 13768 14 
79 384 57 
80 16657 15 
80 389 28 
81 88 12 
81 16958 12 
82 14996 26 
82 15069 86 
83 411 20 
83 39374 21 
84 38929 28 
84 16437 14 
85 38930 4 
85 38929 7 
86 14649 110 
86 14706 5 
87 14954 47 
87 14996 30 
88 16908 127 
88 81 12 
89 16105 163 
89 16104 17 
90 16104 56 
90 16142 186 
91 412 13 
91 16082 26 
92 33722 162 
92 39111 29 
93 35552 159 
93 39110 32 
94 16264 22 
94 16285 52 
95 23348 18 
95 96 87 
96 95 87 
96 38575 165 
97 16511 80 
97 16510 14 
98 37963 7 
98 16230 18 
99 14555 67 
99 14595 5 
100 14990 12 
100 14989 21 
101 13874 154 
101 431 7 
102 15073 41 
102 15132 60 
103 23547 51 
103 440 3 
104 15110 16 
104 15148 71 
105 15069 17 
105 15084 20 
106 35943 2 
106 107 23 
107 106 23 
107 38428 56 
108 453 67 
109 33201 20 
109 39974 38 
110 32072 13 
110 33201 96 
111 74 286 
111 16702 49 
112 38194 5 
112 16613 28 
113 17014 32 
113 17030 10 
114 16937 282 
114 17014 13 
115 26013 53 
115 39546 22 
116 38196 40 
116 16612 28 
117 15020 64 
117 39476 253 
118 14966 14 
118 15020 15 
119 432 1 
119 39747 27 
120 121 51 
120 38593 20 
121 38591 104 
121 120 51 
122 406 31 
122 35941 41 
123 23343 158 
123 421 28 
124 35585 4 
124 39389 17 
125 16628 57 
125 129 53 
126 26018 31 
126 32536 31 
127 32369 55 
127 16943 16 
128 16943 20 
128 16961 61 
129 125 53 
129 16659 134 
130 39383 28 
130 39381 11 
131 135 15 
131 403 22 
133 15539 24 
134 23376 64 
134 400 60 
135 15671 11 
135 131 15 
136 445 1 
136 40219 1 
137 35500 13 
137 35469 61 
138 39964 23 
138 402 2 
139 23343 101 
139 33710 7 
140 16659 55 
140 16669 14 
141 26004 9 
141 428 44 
142 36115 28 
142 159 11 
143 387 46 
143 15491 43 
144 16976 32 
145 15626 44 
145 15668 28 
146 15894 24 
146 15902 27 
147 16978 18 
147 16985 27 
148 17153 293 
148 17280 76 
149 16488 129 
149 16603 36 
150 16603 41 
150 16653 26 
151 38720 8 
151 23376 226 
152 16818 277 
152 38720 24 
153 456 4 
153 38738 29 
154 15155 16 
154 15165 10 
155 15165 21 
155 15206 55 
156 15555 63 
156 15621 30 
157 39583 237 
157 39370 7 
158 39370 31 
158 35468 16 
159 142 11 
159 36114 3 
160 14761 12 
160 14764 13 
161 397 43 
161 14720 40 
162 38427 47 
162 14898 83 
163 38571 57 
163 38570 68 
164 38570 21 
164 39411 51 
165 22748 37 
165 390 4 
166 16949 9 
166 186 128 
167 16911 26 
167 16927 29 
168 455 60 
169 17000 71 
169 39851 63 
170 17065 40 
171 172 31 
171 17628 24 
172 17589 45 
172 171 31 
173 14828 90 
173 14926 193 
174 16107 37 
174 175 11 
175 174 11 
175 23547 132 
176 14731 22 
176 14796 126 
177 441 2 
177 27494 42 
178 13889 102 
178 39605 5 
179 16727 20 
179 25995 18 
180 16684 62 
180 16727 3 
181 16718 69 
181 16751 2 
182 16834 53 
182 16833 45 
183 356 313 
183 33225 82 
184 14930 23 
184 42182 181 
185 14853 40 
185 14930 74 
186 166 128 
186 16950 15 
187 16951 39 
187 16991 72 
188 189 14 
188 15372 260 
189 15282 33 
189 188 14 
190 17434 27 
190 17448 48 
191 23319 37 
191 36075 139 
192 17222 59 
192 433 28 
193 14815 60 
193 14896 40 
194 17314 56 
194 35506 76 
195 17292 71 
195 17314 2 
196 14733 13 
196 40998 98 
197 39436 64 
197 38224 17 
198 17137 24 
198 17164 38 
199 17129 63 
199 17128 42 
200 16273 22 
200 444 5 
201 16524 44 
202 14988 17 
202 14993 8 
203 14962 22 
203 14988 35 
204 15802 51 
204 40206 21 
205 38426 35 
205 38425 2 
206 39574 110 
206 38426 2 
207 16077 10 
207 16076 54 
208 16076 26 
208 38324 50 
209 442 28 
209 17475 30 
210 434 23 
210 14021 17 
211 392 3 
211 427 30 
212 14521 20 
213 14508 69 
214 215 8 
214 33451 139 
215 23499 2 
215 214 8 
216 428 3 
216 38829 14 
217 40 208 
217 415 9 
218 219 11 
218 36358 2 
219 35575 38 
219 218 11 
220 15265 32 
220 15342 94 
221 17179 71 
221 17234 75 
222 17100 144 
222 17179 22 
223 38417 19 
223 41609 3 
224 16945 47 
224 16965 77 
225 16945 27 
225 16959 46 
226 39096 26 
226 459 17 
227 38421 16 
227 38417 12 
228 15448 55 
228 38416 2 
229 416 7 
229 14300 20 
230 16033 40 
230 16022 110 
231 39838 165 
231 17902 128 
232 17902 26 
232 37164 136 
233 17115 32 
233 17147 42 
234 17075 23 
234 435 9 
235 40237 77 
235 40238 13 
236 39553 100 
236 39555 31 
237 39555 51 
237 39556 39 
238 40257 52 
238 15721 52 
240 15306 59 
241 15132 66 
241 15194 41 
242 35564 153 
242 39188 23 
243 39188 27 
243 261 294 
244 15889 16 
244 15888 11 
245 39849 106 
245 17456 56 
246 14241 40 
246 14292 250 
247 14240 42 
247 14301 250 
248 15797 22 
248 39044 49 
249 15755 15 
249 15805 24 
250 39005 17 
250 16477 29 
251 252 55 
251 14586 31 
252 14541 38 
252 251 55 
253 437 7 
253 38858 37 
254 15554 71 
254 15668 80 
255 26002 5 
255 32349 4 
256 15468 42 
256 42172 48 
257 417 24 
257 17293 236 
258 427 9 
258 27161 10 
259 38800 13 
259 36127 29 
260 14674 20 
260 39518 162 
261 243 294 
261 14674 11 
262 39518 9 
262 447 15 
263 13842 27 
263 13846 19 
264 36082 57 
264 36111 746 
265 39191 61 
265 39535 147 
266 15014 68 
266 15013 13 
267 22765 51 
267 15014 44 
268 269 3 
268 15878 112 
269 15854 22 
269 268 3 
270 33224 24 
270 34052 17 
271 37157 106 
271 460 48 
272 38554 15 
272 448 16 
273 451 28 
273 17503 63 
274 32290 78 
274 38206 73 
275 38206 24 
275 36120 131 
276 15546 184 
276 15545 36 
277 15545 36 
277 40155 49 
278 452 34 
278 17117 2 
279 39283 9 
279 39282 7 
280 39282 71 
280 42177 166 
281 13921 23 
281 13946 4 
282 28562 9 
282 28561 224 
283 37156 110 
283 41396 42 
284 17072 141 
284 17101 30 
285 16736 18 
285 16740 67 
286 287 17 
286 39969 200 
287 41780 29 
287 286 17 
288 16027 43 
288 16068 31 
289 42146 50 
289 16027 25 
290 39789 32 
290 291 57 
291 290 57 
291 39788 2 
292 17451 9 
292 544 88 
293 16131 48 
293 16175 30 
294 15413 28 
294 295 25 
295 294 25 
295 15488 142 
296 13687 34 
296 13727 86 
297 13727 15 
297 13774 161 
298 40346 54 
298 414 26 
299 443 18 
299 15704 45 
300 14336 28 
300 462 11 
301 14264 29 
301 14269 42 
302 14269 12 
302 14307 208 
303 14608 45 
303 14649 7 
304 14572 49 
304 14608 31 
305 13888 43 
305 39597 8 
306 13889 161 
306 13888 2 
307 16228 39 
307 16297 33 
308 14632 14 
308 14633 3 
309 16362 152 
309 16430 37 
310 32349 47 
310 26001 26 
311 16852 73 
311 16902 19 
312 16219 50 
312 313 22 
313 312 22 
313 16293 12 
314 16430 124 
314 16474 10 
315 413 43 
315 16304 130 
316 317 25 
316 15774 48 
317 15750 47 
317 316 25 
318 15767 35 
318 15787 54 
319 38984 70 
319 15767 38 
320 16974 12 
320 16989 2 
321 16989 26 
321 17024 115 
322 39591 5 
322 26021 44 
323 41887 39 
323 26008 51 
324 14375 223 
325 14309 26 
326 327 68 
326 41781 4 
327 15235 101 
327 326 68 
328 15220 77 
328 15265 21 
329 330 8 
329 16922 6 
330 16916 17 
330 329 8 
331 15952 13 
331 15965 47 
332 38889 39 
332 15952 22 
333 334 25 
333 38583 17 
334 14769 11 
334 333 25 
335 461 38 
335 16710 3 
336 39020 18 
336 14535 251 
337 38585 6 
338 38981 22 
338 38983 85 
339 340 22 
339 28559 51 
340 28560 28 
340 339 22 
341 39353 75 
341 426 9 
342 14200 44 
342 14199 25 
343 22836 11 
343 344 17 
344 343 17 
344 15414 65 
345 15372 166 
345 15440 23 
346 15440 27 
346 40328 15 
347 16299 13 
347 16399 177 
348 39166 11 
348 39171 97 
349 33514 58 
349 39185 10 
350 425 25 
350 14268 289 
351 385 89 
351 36087 39 
352 23633 109 
352 353 14 
353 352 14 
353 15527 20 
354 36190 28 
354 38423 38 
355 38424 77 
355 36190 30 
356 15121 350 
356 183 313 
357 360 21 
357 16023 60 
358 39572 84 
358 39566 27 
359 39566 48 
359 39565 64 
360 16006 30 
360 357 21 
361 36121 36 
361 38733 2 
362 391 48 
362 17377 85 
363 16958 321 
364 17103 36 
364 17215 195 
365 36160 173 
365 36159 134 
366 15379 46 
366 15344 40 
367 16596 48 
367 16645 23 
368 15997 51 
368 16064 88 
369 14853 44 
369 14917 37 
370 23247 70 
370 15046 326 
371 17468 172 
371 372 27 
372 371 27 
372 17467 51 
373 458 15 
373 23324 29 
374 15840 71 
374 15879 24 
375 15879 20 
375 15892 8 
376 563 39 
376 16325 1 
377 378 15 
377 40358 37 
378 39890 23 
378 377 15 
379 38832 10 
379 380 3 
380 379 3 
380 16040 22 
381 15118 13 
381 15121 23 
382 383 29 
382 23334 112 
383 26015 21 
383 382 29 
384 79 57 
384 13803 102 
385 36086 106 
385 351 89 
386 610 28 
386 23619 67 
387 15472 14 
387 143 46 
388 13868 20 
388 13879 75 
389 80 28 
389 16667 2 
390 165 4 
390 39414 12 
391 17336 34 
391 362 48 
392 39011 3 
392 211 3 
393 15473 17 
393 15472 81 
394 16812 4 
394 24 28 
395 15985 351 
395 31 54 
396 14 44 
396 16849 51 
397 41720 54 
397 161 43 
398 479 469 
398 34 38 
399 59 38 
399 15161 20 
400 134 60 
400 16924 52 
401 402 17 
401 15667 30 
402 138 2 
402 401 17 
403 131 22 
403 39178 21 
404 405 205 
404 23556 151 
405 14582 33 
406 35942 31 
406 122 31 
407 16886 19 
407 42 7 
408 16088 52 
408 50 3 
409 72 8 
409 40976 61 
410 39197 13 
410 78 34 
411 14849 33 
411 83 20 
412 38878 29 
412 91 13 
413 16183 38 
413 315 43 
414 298 26 
414 38581 177 
415 217 9 
415 14848 19 
416 14268 46 
416 229 7 
417 17117 289 
417 257 24 
418 609 13 
418 15354 32 
419 39516 185 
419 36104 14 
420 39501 146 
420 36080 44 
421 123 28 
422 15344 2 
422 15435 161 
423 14345 31 
424 68 13 
424 15707 10 
425 14259 380 
425 350 25 
426 341 9 
426 15613 10 
427 211 30 
427 258 9 
428 141 44 
428 216 3 
429 38829 11 
429 430 2 
430 429 2 
431 101 7 
431 13943 22 
432 39755 107 
432 119 1 
433 192 28 
433 17345 346 
434 13994 41 
434 210 23 
435 234 9 
435 17097 19 
436 40258 54 
436 15721 35 
437 38856 43 
437 253 7 
438 532 15 
438 14375 2 
439 23400 30 
440 103 3 
440 35820 34 
441 27495 14 
441 177 2 
442 17421 117 
442 209 28 
443 15705 63 
443 299 18 
444 200 5 
444 39890 237 
445 17003 14 
445 136 1 
446 39556 233 
446 39551 121 
447 262 15 
447 14785 61 
448 272 16 
448 16228 24 
449 14259 23 
449 450 3 
450 449 3 
450 14258 631 
451 17473 65 
451 273 28 
452 17101 46 
452 278 34 
453 14610 63 
453 108 67 
454 15659 8 
455 17150 2 
455 168 60 
456 23585 23 
456 153 4 
457 23254 17 
457 607 2 
458 23325 19 
458 373 15 
459 226 17 
459 39097 83 
460 271 48 
460 14839 90 
461 16699 26 
461 335 38 
462 300 11 
462 14352 48 
463 464 2 
463 16295 80 
464 16185 21 
464 463 2 
465 39623 124 
466 33721 70 
466 39626 20 
467 14299 47 
467 14298 40 
468 469 5 
468 17645 185 
469 17602 65 
469 468 5 
470 475 4 
470 15788 72 
471 16155 24 
471 16201 23 
472 41949 62 
472 41984 78 
473 15902 22 
473 15918 37 
474 16071 79 
474 16155 45 
475 15687 36 
475 470 4 
476 480 1 
477 476 196 
477 23346 8 
478 482 1 
478 25533 209 
479 481 31 
479 398 469 
480 23347 65 
480 476 1 
481 38627 74 
481 479 31 
482 15574 8 
482 478 1 
483 31707 59 
483 25597 40 
484 23580 79 
484 23579 45 
485 31712 28 
485 42043 214 
486 14800 272 
486 14798 135 
487 14807 133 
487 14886 283 
488 14886 108 
488 14925 151 
489 14925 274 
489 14968 39 
490 14968 212 
490 15039 81 
491 41779 25 
492 491 359 
492 33226 49 
493 15055 63 
493 15118 270 
494 15005 16 
494 15015 54 
495 15035 8 
495 15053 319 
496 15053 71 
496 15063 11 
497 15096 24 
497 33215 697 
498 35049 119 
498 33215 61 
499 13968 32 
499 501 44 
500 41903 19 
500 41901 24 
501 499 44 
502 15539 42 
502 15606 68 
503 519 14 
503 15609 24 
504 15409 512 
504 518 1 
505 15338 126 
505 517 25 
506 38337 54 
506 15875 21 
507 15928 1 
507 15940 19 
508 39340 117 
508 39269 25 
509 14305 21 
509 515 2 
510 39260 44 
510 39265 22 
511 14534 323 
511 14533 49 
512 14391 251 
512 530 17 
513 38586 48 
514 39258 16 
514 39264 180 
515 509 2 
515 14337 21 
516 39269 12 
516 14407 161 
517 505 25 
517 15409 9 
518 504 1 
518 36187 190 
519 36187 127 
519 503 14 
520 17807 56 
520 17838 39 
521 15734 82 
521 39638 14 
522 15513 74 
522 15577 18 
523 23349 50 
523 23623 331 
524 23349 347 
524 23348 307 
525 38574 17 
525 38573 44 
526 39189 287 
526 39534 43 
527 39190 135 
527 39189 53 
528 35558 80 
528 39200 19 
529 32549 20 
529 32548 225 
530 512 17 
530 39079 32 
531 14080 71 
531 14079 107 
532 41530 9 
532 438 15 
533 39329 29 
534 23348 222 
534 38574 14 
535 36117 109 
535 39223 17 
536 15490 58 
536 15493 56 
537 38778 58 
538 41588 3 
538 38777 206 
539 13661 11 
539 13712 96 
540 13632 25 
540 13631 6 
541 13469 2 
541 40874 126 
542 40873 85 
542 13676 16 
543 17545 119 
543 38329 6 
544 292 88 
544 17456 11 
545 38329 25 
545 38328 9 
546 557 41 
546 13223 48 
547 41252 48 
547 556 20 
548 12588 48 
548 555 31 
549 554 23 
549 12588 150 
550 12413 152 
550 12454 27 
551 12389 33 
551 12415 96 
552 12370 11 
552 12389 222 
553 12407 7 
553 12410 91 
554 12522 145 
554 549 23 
555 548 31 
555 12622 8 
556 547 20 
556 24185 6 
557 13165 50 
557 546 41 
558 23452 35 
558 41838 25 
559 560 177 
559 561 1 
560 35523 5 
560 559 177 
561 559 1 
561 12998 12 
562 41838 12 
562 38128 37 
563 16269 39 
563 376 39 
564 565 24 
564 17565 29 
565 17536 34 
565 564 24 
566 22735 32 
566 17622 129 
567 568 6 
567 35949 79 
568 35952 24 
568 567 6 
569 38806 6 
569 36125 11 
570 16257 15 
570 16320 44 
571 16115 130 
571 41589 17 
572 16581 19 
572 22715 74 
573 38701 95 
573 594 18 
574 593 5 
574 16475 43 
575 591 295 
575 16199 49 
576 16079 10 
576 591 13 
577 15943 107 
577 590 35 
578 15827 110 
578 589 2 
579 588 17 
579 25971 44 
580 581 210 
580 587 73 
581 586 32 
581 580 210 
582 33697 38 
582 35827 61 
583 16392 30 
583 16419 54 
584 16359 58 
584 16442 67 
585 600 20 
585 16416 79 
586 15507 15 
586 581 32 
587 580 73 
587 15729 85 
588 15731 25 
588 579 17 
589 578 2 
589 15852 50 
590 577 35 
590 15994 20 
591 576 13 
591 575 295 
592 16200 90 
592 16199 65 
593 16428 15 
593 574 5 
594 573 18 
594 16637 4 
595 38567 44 
595 16581 17 
596 38986 190 
596 38985 16 
597 41589 34 
597 16214 50 
598 16250 47 
598 16290 11 
599 16342 33 
599 16385 49 
600 16417 6 
600 585 20 
601 16344 65 
601 16359 30 
602 15676 22 
602 15734 44 
603 14739 58 
603 14755 12 
604 14514 12 
604 36037 41 
605 606 2 
605 17564 65 
606 17557 72 
606 605 2 
607 457 2 
607 23253 40 
608 15026 20 
608 15048 73 
609 15313 60 
609 418 13 
610 23620 80 
610 386 28 
611 612 92 
611 613 5 
611 37717 48 
612 611 92 
613 6570 27 
613 611 5 
614 615 79 
615 35646 199 
615 614 79 
615 616 179 
616 615 179 
616 621 440 
616 33573 139 
617 618 206 
617 623 360 
617 625 621 
618 617 206 
619 620 768 
619 632 478 
620 619 768 
620 624 472 
621 622 503 
621 616 440 
621 28679 129 
622 621 503 
623 617 360 
624 620 472 
624 633 565 
624 651 435 
625 626 732 
625 617 621 
625 642 263 
626 625 732 
627 628 983 
627 629 428 
627 671 623 
628 627 983 
629 627 428 
630 631 740 
630 634 94 
631 630 740 
632 619 478 
632 645 116 
633 624 565 
633 638 103 
634 630 94 
634 635 135 
634 653 204 
635 634 135 
635 641 248 
636 637 391 
636 33573 454 
636 34438 613 
636 33263 505 
637 636 391 
638 633 103 
638 645 29 
638 646 94 
639 640 51 
639 656 130 
640 28679 191 
640 639 51 
640 34438 33 
641 635 248 
642 625 263 
642 652 72 
643 644 411 
643 28683 289 
643 28684 39 
644 643 411 
645 638 29 
645 632 116 
645 653 191 
645 39992 197 
645 41208 34 
646 638 94 
646 647 54 
646 41208 53 
647 646 54 
647 650 212 
648 649 214 
649 28680 486 
649 648 214 
649 662 414 
650 647 212 
650 651 59 
650 694 718 
651 624 435 
651 650 59 
651 661 257 
652 642 72 
652 654 70 
652 657 109 
652 660 138 
653 645 191 
653 634 204 
653 24149 49 
654 652 70 
654 34437 90 
654 655 122 
655 656 87 
655 654 122 
655 660 105 
656 639 130 
656 34437 151 
656 655 87 
657 652 109 
657 673 178 
657 26914 118 
658 659 959 
658 661 404 
658 685 390 
659 658 959 
659 33797 130 
660 655 105 
660 652 138 
660 672 272 
660 33262 271 
661 658 404 
661 651 257 
661 37273 577 
662 649 414 
662 671 214 
662 677 226 
663 664 114 
663 665 325 
663 695 359 
664 24149 211 
664 663 114 
665 663 325 
666 667 86 
666 668 58 
666 678 148 
667 24149 94 
667 666 86 
667 39992 81 
668 669 18 
668 666 58 
668 670 22 
669 668 18 
670 668 22 
670 39992 89 
670 676 69 
671 662 214 
671 627 623 
671 34445 410 
672 660 272 
672 673 75 
672 24386 178 
673 657 178 
673 26914 40 
673 672 75 
674 675 203 
674 28684 556 
674 28687 108 
674 34444 250 
675 674 203 
676 670 69 
676 694 707 
677 662 226 
678 666 148 
678 41204 155 
679 680 477 
680 28686 59 
680 679 477 
680 705 710 
681 682 28 
681 33261 21 
681 28689 38 
682 33263 22 
682 681 28 
682 40549 294 
683 684 74 
683 24386 17 
683 692 207 
684 683 74 
684 34436 575 
685 658 390 
685 37273 39 
685 697 149 
686 687 86 
686 688 13 
686 39998 144 
687 686 86 
688 689 76 
688 686 13 
688 693 25 
689 34412 161 
689 688 76 
689 693 62 
690 691 115 
691 24386 73 
691 690 115 
692 683 207 
692 36464 190 
693 689 62 
693 688 25 
693 28676 159 
694 650 718 
694 676 707 
694 698 771 
695 663 359 
696 697 31 
696 698 65 
696 699 60 
697 685 149 
697 39998 47 
697 696 31 
698 696 65 
698 694 771 
699 696 60 
699 707 568 
700 701 58 
700 702 156 
701 34444 214 
701 34445 177 
701 700 58 
702 700 156 
702 706 104 
702 711 83 
703 704 67 
703 28671 350 
704 703 67 
705 680 710 
705 712 48 
706 702 104 
706 24388 20 
706 716 60 
707 699 568 
708 709 261 
709 37269 206 
709 708 261 
709 721 791 
710 711 167 
710 36445 108 
711 702 83 
711 710 167 
711 24387 15 
712 705 48 
712 715 55 
712 716 144 
713 714 248 
714 41389 446 
714 713 248 
714 41393 542 
715 712 55 
715 36447 259 
716 706 60 
716 712 144 
716 41394 51 
717 718 66 
717 28674 599 
718 717 66 
718 28677 833 
719 720 242 
719 723 118 
719 24389 77 
720 24387 47 
720 24388 41 
720 719 242 
721 709 791 
721 28671 151 
721 28673 391 
722 723 109 
722 734 1095 
723 41394 94 
723 719 118 
723 722 109 
724 725 499 
724 28688 768 
724 736 492 
725 724 499 
726 727 32 
726 728 112 
726 34447 105 
727 41383 22 
727 726 32 
728 726 112 
729 730 652 
729 731 244 
730 729 652 
731 729 244 
731 732 32 
731 738 67 
732 731 32 
732 733 157 
732 737 79 
732 738 44 
733 24355 372 
733 732 157 
734 722 1095 
734 735 335 
734 762 1270 
735 734 335 
736 724 492 
736 28692 462 
736 801 792 
736 41392 178 
737 732 79 
737 744 74 
738 731 67 
738 732 44 
738 743 55 
739 740 10 
739 741 13 
739 768 279 
740 38125 83 
740 739 10 
740 28669 67 
741 739 13 
741 742 89 
741 39994 146 
742 741 89 
743 738 55 
743 32610 199 
744 737 74 
744 24354 572 
744 32611 176 
745 746 742 
745 747 84 
745 749 75 
746 745 742 
747 748 34 
747 745 84 
748 747 34 
748 755 152 
748 756 111 
749 745 75 
749 759 67 
750 751 902 
750 757 214 
750 780 253 
751 750 902 
752 753 94 
752 755 90 
752 763 25 
753 36462 258 
753 752 94 
754 755 41 
754 756 24 
754 24390 23 
755 748 152 
755 752 90 
755 754 41 
755 761 60 
756 748 111 
756 754 24 
756 758 70 
756 24390 14 
757 750 214 
758 756 70 
758 760 36 
758 770 38 
759 749 67 
759 760 12 
759 767 57 
760 759 12 
760 758 36 
760 770 36 
761 755 60 
761 771 70 
761 772 51 
762 763 105 
762 734 1270 
763 752 25 
763 762 105 
763 771 86 
764 765 580 
764 766 65 
764 778 164 
765 764 580 
766 37270 49 
766 764 65 
766 769 101 
767 759 57 
767 774 848 
768 739 279 
768 39994 155 
768 38432 232 
769 766 101 
769 28666 450 
769 778 188 
770 760 36 
770 758 38 
770 773 104 
771 761 70 
771 763 86 
771 775 132 
772 761 51 
772 24390 82 
772 773 65 
773 770 104 
773 772 65 
773 775 103 
774 767 848 
774 24353 668 
774 819 1098 
775 773 103 
775 771 132 
775 779 127 
776 777 1050 
776 28721 349 
776 28723 231 
777 776 1050 
778 764 164 
778 769 188 
778 34405 239 
779 775 127 
779 782 153 
779 794 198 
780 781 31 
780 750 253 
780 785 126 
781 780 31 
782 779 153 
782 34442 112 
782 34443 186 
783 784 58 
784 36519 141 
784 783 58 
784 785 58 
785 784 58 
785 780 126 
785 786 41 
786 785 41 
786 807 349 
787 788 610 
787 795 88 
788 787 610 
789 790 71 
789 24349 482 
789 791 131 
789 800 201 
790 34441 101 
790 789 71 
790 791 51 
791 790 51 
791 789 131 
792 793 17 
792 795 48 
793 34405 41 
793 41759 70 
793 792 17 
794 779 198 
794 812 169 
795 787 88 
795 792 48 
795 41760 111 
796 797 271 
797 28722 386 
797 796 271 
797 803 273 
797 823 349 
798 799 416 
798 28735 63 
798 831 1069 
799 798 416 
800 789 201 
800 805 74 
801 736 792 
801 802 75 
801 28731 275 
801 876 775 
802 801 75 
802 810 470 
803 797 273 
803 804 431 
803 37271 40 
804 803 431 
805 806 136 
805 800 74 
805 809 75 
806 24349 108 
806 805 136 
806 808 86 
806 34440 80 
807 786 349 
807 808 75 
807 810 9 
808 806 86 
808 807 75 
808 815 106 
809 805 75 
809 34440 45 
809 815 25 
810 807 9 
810 802 470 
810 818 97 
811 812 47 
812 794 169 
812 811 47 
812 36463 41 
813 814 30 
813 24171 106 
813 35659 101 
814 41760 48 
814 813 30 
814 39999 32 
815 808 106 
815 809 25 
815 818 56 
816 817 94 
816 820 65 
817 816 94 
818 810 97 
818 815 56 
818 822 88 
819 774 1098 
819 36463 40 
819 821 14 
820 816 65 
820 39999 144 
820 829 162 
821 819 14 
821 878 641 
821 28718 729 
822 818 88 
822 824 82 
822 825 326 
823 797 349 
823 830 242 
823 26025 258 
824 822 82 
824 876 678 
825 822 326 
825 845 18 
826 827 606 
826 836 75 
827 34406 176 
827 826 606 
827 38440 144 
828 829 60 
828 836 91 
828 837 75 
829 820 162 
829 828 60 
829 851 289 
830 823 242 
831 832 149 
831 833 262 
831 798 1069 
832 831 149 
832 864 408 
832 37319 289 
833 831 262 
834 835 1266 
834 838 65 
834 848 134 
834 33580 289 
835 35658 50 
835 834 1266 
835 34406 113 
836 828 91 
836 826 75 
836 841 90 
837 828 75 
837 841 94 
837 847 103 
838 834 65 
838 841 80 
839 840 77 
839 28744 222 
839 850 91 
840 839 77 
841 838 80 
841 837 94 
841 836 90 
841 842 40 
842 841 40 
842 849 74 
842 853 161 
843 844 73 
843 26025 43 
843 24203 14 
844 38431 104 
844 843 73 
844 40550 13 
845 825 18 
845 846 113 
845 871 206 
846 845 113 
847 837 103 
847 849 23 
847 33578 22 
848 834 134 
848 860 165 
849 842 74 
849 847 23 
849 853 29 
850 839 91 
850 861 214 
850 868 236 
851 829 289 
851 33578 62 
851 42271 28 
852 853 72 
852 854 47 
852 860 107 
853 842 161 
853 849 29 
853 852 72 
854 855 35 
854 852 47 
854 858 24 
855 854 35 
856 857 24 
856 24182 29 
856 34407 196 
857 34408 147 
857 856 24 
857 24181 43 
858 859 73 
858 854 24 
858 860 122 
859 42271 30 
859 858 73 
859 867 139 
860 852 107 
860 848 165 
860 858 122 
860 24181 37 
861 850 214 
862 863 857 
862 870 72 
863 862 857 
864 832 408 
865 866 92 
865 867 8 
865 886 299 
866 24225 66 
866 26022 51 
866 865 92 
867 859 139 
867 865 8 
867 872 68 
868 869 17 
868 850 236 
868 28738 284 
869 34443 898 
869 868 17 
870 871 121 
870 862 72 
870 873 46 
870 874 79 
871 845 206 
871 870 121 
872 867 68 
872 875 60 
873 870 46 
873 881 149 
874 870 79 
874 877 35 
874 879 108 
875 872 60 
876 801 775 
876 824 678 
876 891 285 
877 874 35 
877 895 403 
878 821 641 
878 28933 273 
879 874 108 
879 24343 111 
879 880 46 
880 879 46 
880 24343 124 
880 894 224 
881 873 149 
881 882 296 
881 907 763 
882 881 296 
883 884 166 
884 28717 152 
884 883 166 
884 41390 412 
885 886 62 
885 897 136 
886 865 299 
886 885 62 
886 887 55 
887 886 55 
887 41200 589 
888 889 638 
888 890 21 
888 892 326 
888 912 404 
889 888 638 
890 888 21 
890 24201 461 
890 26026 184 
890 906 352 
890 35685 399 
891 876 285 
891 896 56 
891 22673 137 
892 893 594 
892 888 326 
892 900 464 
893 892 594 
894 880 224 
894 901 396 
895 877 403 
895 899 162 
895 911 483 
896 891 56 
896 898 122 
897 885 136 
897 906 381 
897 934 719 
898 896 122 
898 28737 42 
898 28926 218 
899 895 162 
900 892 464 
901 894 396 
901 28924 340 
901 917 381 
902 903 77 
902 28890 365 
902 41046 19 
903 902 77 
904 905 234 
904 913 272 
904 916 381 
905 904 234 
906 890 352 
906 897 381 
906 927 283 
907 881 763 
907 41391 43 
907 911 63 
907 41384 86 
908 909 125 
908 910 148 
908 916 181 
909 908 125 
910 41047 153 
910 908 148 
910 925 375 
911 895 483 
911 907 63 
911 24337 273 
911 24338 173 
912 888 404 
912 938 461 
912 35682 234 
913 904 272 
913 914 64 
913 34540 234 
914 913 64 
914 915 387 
914 921 155 
915 914 387 
916 908 181 
916 904 381 
916 930 337 
916 28887 684 
917 901 381 
917 1014 796 
918 919 703 
918 920 871 
918 28914 328 
919 34407 713 
919 918 703 
919 923 570 
920 918 871 
921 914 155 
921 922 778 
921 924 64 
922 921 778 
922 931 516 
922 961 508 
923 919 570 
923 947 310 
923 28911 370 
924 921 64 
924 929 59 
924 931 115 
925 926 159 
925 910 375 
925 932 123 
926 925 159 
927 906 283 
927 928 36 
927 934 57 
928 927 36 
928 38127 84 
928 35682 19 
928 35683 627 
929 924 59 
929 24037 109 
930 916 337 
930 933 32 
930 953 274 
931 924 115 
931 922 516 
931 944 197 
932 925 123 
933 930 32 
933 935 63 
934 927 57 
934 897 719 
934 24016 785 
935 933 63 
935 34540 71 
935 939 202 
936 937 152 
936 987 378 
936 28757 71 
937 936 152 
938 912 461 
938 941 323 
938 949 359 
939 940 80 
939 935 202 
939 24089 36 
940 24037 57 
940 939 80 
940 950 379 
941 35682 86 
941 938 323 
941 998 493 
942 943 39 
942 24323 105 
942 34432 161 
943 33581 36 
943 942 39 
943 957 121 
944 931 197 
944 950 78 
945 946 245 
945 954 90 
946 28728 658 
946 28736 618 
946 945 245 
947 923 310 
947 948 7 
948 947 7 
948 39997 36 
949 938 359 
949 28725 77 
950 944 78 
950 940 379 
950 965 81 
951 952 54 
951 992 196 
951 24083 19 
952 24088 72 
952 951 54 
952 956 33 
953 930 274 
953 970 284 
953 1035 504 
954 955 117 
954 945 90 
954 958 48 
955 954 117 
955 979 361 
956 952 33 
956 960 183 
956 24087 81 
957 943 121 
957 990 180 
957 41626 34 
958 954 48 
958 968 123 
959 960 51 
959 966 77 
960 24090 40 
960 956 183 
960 959 51 
961 922 508 
961 28724 575 
961 962 32 
962 961 32 
962 965 29 
963 964 77 
963 967 91 
964 24182 1372 
964 963 77 
965 950 81 
965 962 29 
965 24081 32 
965 24082 15 
966 959 77 
966 970 102 
967 963 91 
967 39997 75 
967 969 17 
968 958 123 
968 976 67 
968 975 21 
969 967 17 
969 24235 37 
969 24238 21 
970 966 102 
970 953 284 
970 29476 158 
971 972 67 
971 34432 61 
971 983 82 
972 24321 101 
972 26264 30 
972 971 67 
973 974 397 
973 1075 960 
973 28908 1047 
974 37311 114 
974 39993 125 
974 973 397 
974 1037 684 
975 968 21 
975 976 67 
975 982 35 
976 24265 21 
976 968 67 
976 975 67 
976 24266 89 
977 978 35 
977 992 107 
977 993 96 
978 24087 27 
978 977 35 
978 993 118 
979 955 361 
979 1001 302 
979 1008 155 
980 981 49 
980 989 61 
980 999 90 
981 28913 113 
981 980 49 
982 975 35 
982 984 31 
982 24266 75 
983 971 82 
983 990 80 
983 1002 129 
984 982 31 
984 1004 141 
984 24282 42 
985 986 51 
985 1021 190 
986 985 51 
987 988 966 
987 936 378 
987 28952 489 
987 35453 1481 
988 987 966 
989 980 61 
989 24266 6 
989 24267 61 
990 957 180 
990 983 80 
990 996 17 
991 992 143 
991 1030 249 
992 24082 145 
992 951 196 
992 24083 139 
992 977 107 
992 991 143 
993 978 118 
993 977 96 
993 1007 101 
994 995 181 
994 1030 269 
994 36208 114 
995 24081 28 
995 994 181 
996 990 17 
996 997 64 
996 1005 68 
997 41626 145 
997 996 64 
997 1000 37 
998 941 493 
999 980 90 
999 28915 43 
1000 997 37 
1000 1005 46 
1000 1011 88 
1001 979 302 
1001 1003 33 
1002 983 129 
1002 1015 180 
1002 26324 131 
1003 1001 33 
1003 37314 96 
1003 1017 128 
1003 1023 81 
1004 984 141 
1004 1006 13 
1005 1000 46 
1005 996 68 
1005 1009 22 
1005 1016 65 
1006 1004 13 
1006 1024 69 
1007 993 101 
1007 1026 84 
1008 979 155 
1008 34409 177 
1009 1005 22 
1009 1010 41 
1009 1011 28 
1010 1009 41 
1010 1020 29 
1011 1009 28 
1011 1000 88 
1011 1025 45 
1012 1013 213 
1012 41207 52 
1013 28912 32 
1013 1012 213 
1013 37312 54 
1014 917 796 
1014 1019 74 
1014 24284 11 
1015 1016 24 
1015 1002 180 
1015 33594 310 
1016 1005 65 
1016 1015 24 
1016 1020 17 
1017 1003 128 
1017 1018 50 
1017 1019 65 
1018 1017 50 
1018 1023 83 
1019 1017 65 
1019 1014 74 
1019 24283 125 
1020 1010 29 
1020 1016 17 
1020 24295 14 
1021 1022 283 
1021 985 190 
1021 1028 365 
1022 1021 283 
1022 1057 355 
1022 24284 322 
1023 1003 81 
1023 1018 83 
1023 1046 231 
1024 1006 69 
1024 1072 357 
1024 34411 134 
1025 1011 45 
1025 24293 90 
1025 1029 76 
1025 1032 78 
1026 1007 84 
1026 1027 175 
1026 1077 391 
1027 1026 175 
1028 28928 417 
1028 1021 365 
1029 1025 76 
1030 994 269 
1030 991 249 
1030 1065 470 
1030 1090 650 
1031 1032 28 
1031 1036 57 
1031 24305 13 
1032 1025 78 
1032 1031 28 
1032 1052 109 
1033 1034 249 
1033 33584 207 
1033 1099 377 
1034 28931 429 
1034 1033 249 
1034 34435 264 
1035 953 504 
1036 1031 57 
1037 974 684 
1037 1038 327 
1037 1043 12 
1038 37313 437 
1038 41207 219 
1038 1037 327 
1039 1040 49 
1040 26324 228 
1040 1039 49 
1041 1042 97 
1041 23930 141 
1041 1044 59 
1041 1048 42 
1042 39995 87 
1042 1041 97 
1042 1045 27 
1043 1037 12 
1043 1106 654 
1043 1111 565 
1044 1041 59 
1044 1045 34 
1044 1048 73 
1045 1044 34 
1045 1042 27 
1045 1047 218 
1045 1063 110 
1046 1047 20 
1046 1023 231 
1046 33602 208 
1047 1045 218 
1047 34409 101 
1047 1046 20 
1048 1044 73 
1048 1041 42 
1048 1064 82 
1049 1050 390 
1049 34433 89 
1049 1056 73 
1050 1049 390 
1051 1052 49 
1051 1059 26 
1052 1032 109 
1052 1051 49 
1052 1055 52 
1053 1054 806 
1053 1060 58 
1053 1086 791 
1054 36208 347 
1054 1053 806 
1054 1060 177 
1055 1052 52 
1055 1058 23 
1055 1059 74 
1056 1049 73 
1056 1070 131 
1057 1022 355 
1057 24283 172 
1057 1078 155 
1058 1055 23 
1058 1061 92 
1059 1051 26 
1059 1055 74 
1059 1071 66 
1059 26917 77 
1060 1054 177 
1060 1053 58 
1060 1089 195 
1061 1058 92 
1061 1062 67 
1061 1082 144 
1062 24305 144 
1062 1061 67 
1063 1064 73 
1063 1045 110 
1063 1081 116 
1064 1048 82 
1064 1063 73 
1064 1072 494 
1065 1030 470 
1065 1105 265 
1065 1130 1035 
1066 1067 541 
1066 28756 972 
1066 35452 899 
1067 1066 541 
1068 1069 97 
1069 33595 261 
1069 1068 97 
1069 33596 8 
1070 1056 131 
1070 26382 24 
1070 23905 136 
1071 1059 66 
1071 26917 8 
1071 1076 52 
1072 1024 357 
1072 1064 494 
1072 1111 640 
1073 1074 13 
1073 1075 91 
1073 1189 1664 
1074 24016 94 
1074 1073 13 
1074 1079 51 
1075 973 960 
1075 1073 91 
1076 1071 52 
1076 23915 37 
1076 32524 37 
1077 1026 391 
1077 1087 71 
1077 1090 64 
1078 1057 155 
1078 1113 555 
1078 23924 86 
1079 1074 51 
1079 1080 75 
1080 38121 95 
1080 1079 75 
1080 1086 54 
1081 1063 116 
1081 34410 171 
1082 1061 144 
1082 1083 30 
1082 1097 54 
1083 33596 162 
1083 1082 30 
1084 1085 15 
1084 34434 70 
1084 1095 37 
1085 34435 95 
1085 1084 15 
1085 1091 52 
1086 1080 54 
1086 1053 791 
1086 1112 281 
1086 35684 111 
1087 1088 227 
1087 1077 71 
1087 1109 197 
1088 1087 227 
1089 1060 195 
1089 1105 297 
1089 1107 104 
1090 1077 64 
1090 1030 650 
1090 1108 385 
1091 1092 79 
1091 1085 52 
1091 1096 8 
1092 1091 79 
1093 1094 289 
1093 29090 99 
1094 23913 169 
1094 1093 289 
1094 1121 648 
1095 1096 47 
1095 1084 37 
1095 1098 146 
1095 1103 118 
1096 1091 8 
1096 1095 47 
1096 1103 63 
1097 1082 54 
1098 1099 60 
1098 1095 146 
1098 1102 63 
1099 1033 377 
1099 1098 60 
1100 1101 31 
1100 41205 39 
1101 23924 123 
1101 1100 31 
1101 23925 80 
1102 1098 63 
1102 1148 473 
1103 1104 137 
1103 1096 63 
1103 1095 118 
1104 34433 546 
1104 1103 137 
1104 1131 484 
1105 1065 265 
1105 1089 297 
1105 1115 256 
1106 1043 654 
1107 1089 104 
1107 1128 363 
1107 41050 117 
1108 1090 385 
1109 1110 177 
1109 1087 197 
1109 24018 785 
1110 1109 177 
1111 1043 565 
1111 1072 640 
1111 29183 170 
1112 1086 281 
1112 41050 310 
1112 1114 75 
1112 1123 207 
1113 1078 555 
1113 1116 394 
1113 1133 408 
1114 1112 75 
1114 35684 120 
1114 40548 42 
1115 1105 256 
1115 1129 262 
1115 1130 453 
1116 1113 394 
1116 1117 410 
1116 29122 876 
1117 1116 410 
1117 1118 918 
1118 28927 344 
1118 1117 918 
1118 23915 65 
1119 1120 133 
1119 28955 468 
1119 1183 1084 
1120 1119 133 
1120 33585 848 
1121 1122 31 
1121 1094 648 
1121 26380 57 
1122 23905 343 
1122 1121 31 
1122 22674 241 
1123 1112 207 
1123 38438 17 
1123 1139 344 
1123 35661 14 
1124 1125 65 
1124 29090 296 
1124 1151 653 
1125 1124 65 
1126 1127 182 
1126 23926 193 
1126 1137 247 
1127 23927 95 
1127 1126 182 
1127 1133 422 
1128 1107 363 
1128 1129 498 
1128 1138 344 
1129 1115 262 
1129 1128 498 
1129 1136 133 
1130 1065 1035 
1130 1115 453 
1130 1134 236 
1131 1132 343 
1131 1104 484 
1131 1141 293 
1132 22674 81 
1132 1131 343 
1133 1127 422 
1133 1113 408 
1133 29120 395 
1134 1135 141 
1134 1130 236 
1134 29478 715 
1135 1134 141 
1136 1129 133 
1137 1126 247 
1137 1142 212 
1137 1203 919 
1138 1128 344 
1138 1139 62 
1138 1170 498 
1139 1138 62 
1139 1123 344 
1139 1140 14 
1139 40557 35 
1140 1139 14 
1140 35661 344 
1140 1220 1013 
1141 1131 293 
1141 1152 783 
1141 1200 803 
1141 42223 238 
1142 1137 212 
1142 1149 282 
1142 1188 731 
1143 1144 999 
1143 28774 526 
1143 1155 273 
1144 1143 999 
1145 1146 27 
1145 1150 136 
1145 1154 115 
1146 35453 133 
1146 35454 138 
1146 1145 27 
1147 1148 701 
1147 1152 60 
1148 1102 473 
1148 1147 701 
1148 33585 35 
1149 1142 282 
1150 1145 136 
1150 33603 210 
1150 35452 156 
1150 1153 69 
1151 1124 653 
1151 29091 71 
1152 1141 783 
1152 1147 60 
1152 1158 215 
1152 1245 934 
1153 1150 69 
1153 1162 95 
1154 1145 115 
1154 1171 304 
1155 1156 182 
1155 1143 273 
1155 1157 249 
1156 1155 182 
1156 23880 208 
1157 1155 249 
1158 1152 215 
1158 1159 205 
1159 1158 205 
1159 1163 50 
1159 1183 767 
1160 1161 94 
1160 1162 14 
1160 1168 75 
1161 1160 94 
1161 23880 24 
1161 23881 15 
1162 1153 95 
1162 1160 14 
1162 1171 136 
1163 1164 31 
1163 1159 50 
1163 1165 24 
1163 1218 541 
1164 1163 31 
1165 1163 24 
1166 1167 23 
1166 29102 73 
1166 36007 72 
1167 29102 79 
1167 1166 23 
1167 36007 83 
1168 1160 75 
1168 1169 85 
1168 1172 79 
1169 23881 29 
1169 1168 85 
1169 1185 180 
1170 1138 498 
1170 1174 150 
1170 1233 665 
1171 1154 304 
1171 1162 136 
1171 1173 45 
1172 1168 79 
1172 1173 38 
1172 1186 106 
1173 1171 45 
1173 1172 38 
1173 1186 84 
1174 1175 232 
1174 1170 150 
1174 1180 85 
1175 1174 232 
1176 1177 299 
1176 1178 6 
1177 28909 917 
1177 29179 591 
1177 1176 299 
1177 1189 682 
1178 1176 6 
1178 1179 328 
1178 1212 454 
1179 1178 328 
1180 1174 85 
1181 1182 85 
1182 29101 66 
1182 1181 85 
1182 1184 88 
1183 1159 767 
1183 1119 1084 
1183 1208 514 
1184 1182 88 
1184 1191 7 
1184 1193 425 
1185 1169 180 
1185 1196 142 
1186 1172 106 
1186 1173 84 
1186 1187 53 
1187 1186 53 
1187 1197 114 
1188 1142 731 
1188 1236 835 
1188 1276 826 
1189 1073 1664 
1189 1177 682 
1189 1192 15 
1190 1191 170 
1191 1184 7 
1191 1190 170 
1191 36009 101 
1192 1189 15 
1192 1220 223 
1192 1221 264 
1193 1184 425 
1193 29100 409 
1193 1201 72 
1194 1195 602 
1194 29477 293 
1194 1209 104 
1195 1194 602 
1196 1185 142 
1196 35455 201 
1196 1197 97 
1197 1187 114 
1197 1196 97 
1197 37422 80 
1197 37425 52 
1198 1199 1379 
1198 1202 24 
1199 23890 339 
1199 28951 67 
1199 1198 1379 
1199 35454 1676 
1200 1141 803 
1200 41129 110 
1200 41136 117 
1201 1193 72 
1201 1241 583 
1201 1275 1409 
1201 26918 318 
1202 1198 24 
1202 1210 157 
1202 23889 57 
1202 27116 93 
1203 1137 919 
1204 1205 820 
1204 1206 348 
1204 1246 875 
1205 1204 820 
1206 1207 349 
1206 35455 582 
1206 1204 348 
1206 1249 616 
1207 1206 349 
1208 1183 514 
1208 1211 68 
1209 1194 104 
1209 23994 75 
1209 1215 142 
1210 1202 157 
1210 41108 411 
1211 1208 68 
1211 1214 69 
1211 27115 113 
1212 1178 454 
1212 1213 17 
1212 1217 47 
1213 1212 17 
1213 1267 1053 
1214 1211 69 
1214 27115 21 
1214 1219 55 
1215 1216 698 
1215 1209 142 
1215 1232 15 
1216 1215 698 
1217 1212 47 
1217 1322 768 
1218 1163 541 
1218 1283 564 
1218 1411 1459 
1219 1214 55 
1219 23889 56 
1219 1226 94 
1220 1140 1013 
1220 1192 223 
1220 36220 296 
1221 1192 264 
1221 1222 355 
1221 1267 402 
1222 1221 355 
1223 1224 58 
1223 1225 850 
1223 1229 55 
1224 1223 58 
1225 29519 405 
1225 1223 850 
1225 41048 48 
1226 1219 94 
1226 41109 599 
1227 1228 27 
1227 1256 291 
1227 41111 119 
1228 37425 130 
1228 1227 27 
1229 1223 55 
1230 1231 105 
1230 1232 48 
1230 23992 37 
1231 1230 105 
1231 1238 544 
1232 1215 15 
1232 1230 48 
1233 1170 665 
1233 38433 64 
1233 38120 66 
1234 1235 18 
1234 1237 76 
1234 23990 51 
1235 1234 18 
1236 1188 835 
1237 1234 76 
1237 1239 68 
1237 23989 77 
1238 1231 544 
1238 29479 57 
1238 29484 144 
1239 1240 61 
1239 1237 68 
1239 34538 43 
1240 23992 34 
1240 1239 61 
1240 23990 45 
1241 1201 583 
1241 26918 13 
1241 1259 294 
1242 1243 1121 
1242 1244 24 
1242 1252 115 
1243 1242 1121 
1244 1242 24 
1244 37380 170 
1244 1250 73 
1245 1152 934 
1245 1250 60 
1246 1204 875 
1247 1248 97 
1247 1249 18 
1247 1251 138 
1248 41111 129 
1248 1247 97 
1248 1251 130 
1249 1247 18 
1249 1206 616 
1249 1278 1139 
1250 1244 73 
1250 1245 60 
1250 1252 33 
1250 1289 330 
1251 1248 130 
1251 1247 138 
1251 1260 86 
1252 1242 115 
1252 1250 33 
1252 1270 150 
1253 1254 68 
1253 1255 52 
1253 38119 163 
1254 1253 68 
1254 1257 525 
1254 1288 220 
1255 40555 59 
1255 1253 52 
1255 42287 44 
1256 1227 291 
1256 1260 60 
1256 1265 74 
1257 1258 359 
1257 1254 525 
1257 1266 88 
1258 1257 359 
1259 1241 294 
1259 1261 22 
1260 1256 60 
1260 1251 86 
1260 1262 38 
1260 1269 66 
1261 1259 22 
1261 1273 223 
1261 1293 174 
1262 1260 38 
1262 1265 51 
1262 1280 103 
1263 1264 131 
1263 1265 193 
1264 1263 131 
1265 1256 74 
1265 1263 193 
1265 1262 51 
1266 1257 88 
1266 1268 102 
1266 1307 296 
1267 1221 402 
1267 1213 1053 
1267 1272 44 
1268 1266 102 
1268 41052 70 
1268 34539 2518 
1269 1260 66 
1269 1271 46 
1269 1277 77 
1270 1252 150 
1270 1286 92 
1270 1302 127 
1271 1269 46 
1271 1279 32 
1271 1281 42 
1272 1267 44 
1272 1298 463 
1272 1324 642 
1272 1360 356 
1273 1274 35 
1273 1261 223 
1273 1275 1112 
1273 1282 35 
1274 1273 35 
1275 1201 1409 
1275 1273 1112 
1275 1321 485 
1276 1188 826 
1277 1269 77 
1277 1284 52 
1277 1285 44 
1278 1249 1139 
1279 1271 32 
1279 1285 56 
1279 23879 20 
1280 1262 103 
1280 1281 74 
1280 1292 74 
1281 1271 42 
1281 1280 74 
1281 23879 43 
1282 1273 35 
1283 1218 564 
1283 1289 60 
1284 1277 52 
1284 1285 88 
1284 1340 397 
1285 1279 56 
1285 1277 44 
1285 1284 88 
1286 1287 1152 
1286 1270 92 
1286 1321 196 
1287 1286 1152 
1288 1254 220 
1288 38435 32 
1288 1305 50 
1289 1250 330 
1289 1283 60 
1289 23892 31 
1289 23893 155 
1290 1291 13 
1290 34547 160 
1291 1290 13 
1291 1311 200 
1292 1280 74 
1292 1294 28 
1292 1386 479 
1293 1261 174 
1293 1296 54 
1293 1310 65 
1294 1295 140 
1294 1292 28 
1294 1301 129 
1295 1294 140 
1296 1293 54 
1296 1297 86 
1296 1312 57 
1297 1296 86 
1297 1300 65 
1297 37526 88 
1298 1272 463 
